(kicad_pcb (version 20171130) (host pcbnew "(5.1.9)-1")

  (general
    (thickness 1.6)
    (drawings 12)
    (tracks 212)
    (zones 0)
    (modules 80)
    (nets 173)
  )

  (page A4)
  (layers
    (0 Top signal)
    (1 Gnd power hide)
    (2 Power power hide)
    (31 Bottom signal)
    (32 B.Adhes user)
    (33 F.Adhes user)
    (34 B.Paste user)
    (35 F.Paste user)
    (36 B.SilkS user)
    (37 F.SilkS user)
    (38 B.Mask user)
    (39 F.Mask user)
    (40 Dwgs.User user)
    (41 Cmts.User user)
    (42 Eco1.User user)
    (43 Eco2.User user)
    (44 Edge.Cuts user)
    (45 Margin user)
    (46 B.CrtYd user)
    (47 F.CrtYd user)
    (48 B.Fab user hide)
    (49 F.Fab user hide)
  )

  (setup
    (last_trace_width 0.25)
    (user_trace_width 0.1524)
    (user_trace_width 0.4)
    (user_trace_width 0.5)
    (user_trace_width 1)
    (user_trace_width 1.5)
    (user_trace_width 2)
    (trace_clearance 0.16)
    (zone_clearance 0.508)
    (zone_45_only no)
    (trace_min 0.1)
    (via_size 0.8)
    (via_drill 0.4)
    (via_min_size 0.4)
    (via_min_drill 0.3)
    (user_via 0.6 0.3)
    (uvia_size 0.3)
    (uvia_drill 0.1)
    (uvias_allowed no)
    (uvia_min_size 0.2)
    (uvia_min_drill 0.1)
    (edge_width 0.05)
    (segment_width 0.2)
    (pcb_text_width 0.3)
    (pcb_text_size 1.5 1.5)
    (mod_edge_width 0.12)
    (mod_text_size 1 1)
    (mod_text_width 0.15)
    (pad_size 1.175 1.45)
    (pad_drill 0)
    (pad_to_mask_clearance 0)
    (aux_axis_origin 0 0)
    (visible_elements 7FFFFFFF)
    (pcbplotparams
      (layerselection 0x010fc_ffffffff)
      (usegerberextensions false)
      (usegerberattributes true)
      (usegerberadvancedattributes true)
      (creategerberjobfile true)
      (excludeedgelayer true)
      (linewidth 0.100000)
      (plotframeref false)
      (viasonmask false)
      (mode 1)
      (useauxorigin false)
      (hpglpennumber 1)
      (hpglpenspeed 20)
      (hpglpendiameter 15.000000)
      (psnegative false)
      (psa4output false)
      (plotreference true)
      (plotvalue true)
      (plotinvisibletext false)
      (padsonsilk false)
      (subtractmaskfromsilk false)
      (outputformat 1)
      (mirror false)
      (drillshape 0)
      (scaleselection 1)
      (outputdirectory "C:/Users/khsda/OneDrive/바탕 화면/Project2/Air_Pollution_Sensor/pcb_gerber/"))
  )

  (net 0 "")
  (net 1 GND)
  (net 2 +3V3)
  (net 3 "Net-(J1-Pad3)")
  (net 4 /SCL)
  (net 5 /SDA)
  (net 6 "Net-(U6-Pad99)")
  (net 7 "Net-(U6-Pad98)")
  (net 8 "Net-(U6-Pad97)")
  (net 9 "Net-(U6-Pad96)")
  (net 10 "Net-(U6-Pad95)")
  (net 11 "Net-(U6-Pad94)")
  (net 12 "Net-(U6-Pad93)")
  (net 13 "Net-(U6-Pad92)")
  (net 14 "Net-(U6-Pad91)")
  (net 15 "Net-(U6-Pad90)")
  (net 16 "Net-(U6-Pad89)")
  (net 17 "Net-(U6-Pad88)")
  (net 18 "Net-(U6-Pad87)")
  (net 19 "Net-(U6-Pad86)")
  (net 20 "Net-(U6-Pad85)")
  (net 21 "Net-(U6-Pad84)")
  (net 22 "Net-(U6-Pad83)")
  (net 23 "Net-(U6-Pad82)")
  (net 24 "Net-(U6-Pad81)")
  (net 25 "Net-(U6-Pad80)")
  (net 26 "Net-(U6-Pad72)")
  (net 27 "Net-(U6-Pad70)")
  (net 28 "Net-(U6-Pad69)")
  (net 29 "Net-(U6-Pad68)")
  (net 30 "Net-(U6-Pad67)")
  (net 31 "Net-(U6-Pad66)")
  (net 32 "Net-(U6-Pad54)")
  (net 33 "Net-(U6-Pad53)")
  (net 34 "Net-(U6-Pad52)")
  (net 35 "Net-(U6-Pad51)")
  (net 36 "Net-(U6-Pad50)")
  (net 37 "Net-(U6-Pad49)")
  (net 38 "Net-(U6-Pad48)")
  (net 39 "Net-(U6-Pad47)")
  (net 40 "Net-(U6-Pad46)")
  (net 41 "Net-(U6-Pad42)")
  (net 42 "Net-(U6-Pad41)")
  (net 43 "Net-(U6-Pad40)")
  (net 44 "Net-(U6-Pad39)")
  (net 45 "Net-(U6-Pad38)")
  (net 46 "Net-(U6-Pad37)")
  (net 47 "Net-(U6-Pad36)")
  (net 48 "Net-(U6-Pad35)")
  (net 49 "Net-(U6-Pad34)")
  (net 50 "Net-(U6-Pad33)")
  (net 51 "Net-(U6-Pad32)")
  (net 52 "Net-(U6-Pad31)")
  (net 53 "Net-(U6-Pad30)")
  (net 54 "Net-(U6-Pad29)")
  (net 55 "Net-(U6-Pad22)")
  (net 56 "Net-(U6-Pad21)")
  (net 57 "Net-(U6-Pad20)")
  (net 58 "Net-(U6-Pad19)")
  (net 59 "Net-(U6-Pad15)")
  (net 60 "Net-(U6-Pad14)")
  (net 61 "Net-(U6-Pad13)")
  (net 62 "Net-(U6-Pad12)")
  (net 63 "Net-(U6-Pad11)")
  (net 64 "Net-(U6-Pad6)")
  (net 65 "Net-(U6-Pad5)")
  (net 66 "Net-(U6-Pad4)")
  (net 67 /STM32F469VET/VCAP_1)
  (net 68 /STM32F469VET/VCAP_2)
  (net 69 /STM32F469VET/VCAPDSI)
  (net 70 "Net-(C16-Pad1)")
  (net 71 "Net-(J2-Pad4)")
  (net 72 /STM32F469VET/DSI_D1N)
  (net 73 /STM32F469VET/DSI_D1P)
  (net 74 /STM32F469VET/USB_OTG_FS_DP)
  (net 75 /STM32F469VET/USB_OTG_FS_VBUS)
  (net 76 +1V2)
  (net 77 "Net-(D1-Pad2)")
  (net 78 "Net-(D2-Pad2)")
  (net 79 "Net-(D3-Pad2)")
  (net 80 /STM32F469VET/USB_OTG_FS_DN)
  (net 81 /ICE40UP/LED_RED)
  (net 82 /ICE40UP/LED_GREEN)
  (net 83 /ICE40UP/LED_BLUE)
  (net 84 /ICE40UP/SF_SPI_DI)
  (net 85 /ICE40UP/SF_SPI_SS)
  (net 86 /ICE40UP/SF_SPI_SCK)
  (net 87 /ICE40UP/SF_SPI_DO)
  (net 88 /ICE40UP/CDONE)
  (net 89 /ICE40UP/SST_HOLD)
  (net 90 /ICE40UP/SST_WP)
  (net 91 "Net-(U9-Pad4)")
  (net 92 /STM32F469VET/USB_DP)
  (net 93 /STM32F469VET/USB_DN)
  (net 94 "Net-(S1-Pad10)")
  (net 95 "Net-(S1-Pad9)")
  (net 96 "Net-(S1-Pad8)")
  (net 97 /WIFI/EN)
  (net 98 "Net-(S1-Pad5)")
  (net 99 "Net-(S1-Pad4)")
  (net 100 "Net-(S1-Pad3)")
  (net 101 /WIFI/PROG_N)
  (net 102 /WIFI/RST_N)
  (net 103 /WIFI/UART_TXD)
  (net 104 /WIFI/UART_RXD)
  (net 105 "Net-(U5-Pad20)")
  (net 106 "Net-(U5-Pad19)")
  (net 107 "Net-(R23-Pad2)")
  (net 108 /WIFI/HSPI_CS)
  (net 109 "Net-(U5-Pad12)")
  (net 110 "Net-(U5-Pad11)")
  (net 111 /WIFI/HSPI_MOSI)
  (net 112 /WIFI/HSPI_MISO)
  (net 113 /WIFI/HSPI_SCK)
  (net 114 "Net-(U5-Pad4)")
  (net 115 "Net-(U5-Pad2)")
  (net 116 /STM32F469VET/SPI_MOSI)
  (net 117 /STM32F469VET/SPI_MISO)
  (net 118 /temp_alert)
  (net 119 "Net-(U2-Pad43)")
  (net 120 "Net-(U2-Pad34)")
  (net 121 "Net-(U2-Pad32)")
  (net 122 "Net-(U2-Pad31)")
  (net 123 "Net-(U2-Pad28)")
  (net 124 /ICE40UP/spi_miso)
  (net 125 /ICE40UP/spi_sck)
  (net 126 /ICE40UP/spi_cs)
  (net 127 /ICE40UP/spi_mosi)
  (net 128 "Net-(U2-Pad21)")
  (net 129 "Net-(U2-Pad20)")
  (net 130 "Net-(U2-Pad19)")
  (net 131 "Net-(U2-Pad18)")
  (net 132 "Net-(U2-Pad13)")
  (net 133 "Net-(U2-Pad12)")
  (net 134 "Net-(U2-Pad11)")
  (net 135 "Net-(U2-Pad10)")
  (net 136 "Net-(U2-Pad9)")
  (net 137 "Net-(U2-Pad48)")
  (net 138 "Net-(U2-Pad45)")
  (net 139 "Net-(U2-Pad44)")
  (net 140 "Net-(U2-Pad4)")
  (net 141 "Net-(U2-Pad3)")
  (net 142 "Net-(U2-Pad2)")
  (net 143 /ice_tck)
  (net 144 /ice_tdo)
  (net 145 /ice_crst_b)
  (net 146 /swclk)
  (net 147 "Net-(U11-Pad1)")
  (net 148 "Net-(U11-Pad3)")
  (net 149 "Net-(U11-Pad5)")
  (net 150 "Net-(U11-Pad11)")
  (net 151 "Net-(U11-Pad12)")
  (net 152 /DSI_D0P)
  (net 153 /DSI_D0N)
  (net 154 /ice_tdi)
  (net 155 +5V)
  (net 156 "Net-(U10-Pad6)")
  (net 157 "Net-(U10-Pad5)")
  (net 158 "Net-(U10-Pad10)")
  (net 159 +2V5)
  (net 160 "Net-(R13-Pad1)")
  (net 161 "Net-(R12-Pad1)")
  (net 162 +12V)
  (net 163 GND1)
  (net 164 "Net-(R4-Pad1)")
  (net 165 /lcd_reset)
  (net 166 "Net-(U2-Pad35)")
  (net 167 "Net-(TP1-Pad1)")
  (net 168 GND2)
  (net 169 /RCC_OSC_IN)
  (net 170 /DSI_CLN)
  (net 171 /DSI_CLP)
  (net 172 /RCC_OSC_OUT)

  (net_class Default "This is the default net class."
    (clearance 0.16)
    (trace_width 0.25)
    (via_dia 0.8)
    (via_drill 0.4)
    (uvia_dia 0.3)
    (uvia_drill 0.1)
    (add_net +12V)
    (add_net +1V2)
    (add_net +2V5)
    (add_net +3V3)
    (add_net +5V)
    (add_net /DSI_CLN)
    (add_net /DSI_CLP)
    (add_net /DSI_D0N)
    (add_net /DSI_D0P)
    (add_net /ICE40UP/CDONE)
    (add_net /ICE40UP/LED_BLUE)
    (add_net /ICE40UP/LED_GREEN)
    (add_net /ICE40UP/LED_RED)
    (add_net /ICE40UP/SF_SPI_DI)
    (add_net /ICE40UP/SF_SPI_DO)
    (add_net /ICE40UP/SF_SPI_SCK)
    (add_net /ICE40UP/SF_SPI_SS)
    (add_net /ICE40UP/SST_HOLD)
    (add_net /ICE40UP/SST_WP)
    (add_net /ICE40UP/spi_cs)
    (add_net /ICE40UP/spi_miso)
    (add_net /ICE40UP/spi_mosi)
    (add_net /ICE40UP/spi_sck)
    (add_net /RCC_OSC_IN)
    (add_net /RCC_OSC_OUT)
    (add_net /SCL)
    (add_net /SDA)
    (add_net /STM32F469VET/DSI_D1N)
    (add_net /STM32F469VET/DSI_D1P)
    (add_net /STM32F469VET/SPI_MISO)
    (add_net /STM32F469VET/SPI_MOSI)
    (add_net /STM32F469VET/USB_DN)
    (add_net /STM32F469VET/USB_DP)
    (add_net /STM32F469VET/USB_OTG_FS_DN)
    (add_net /STM32F469VET/USB_OTG_FS_DP)
    (add_net /STM32F469VET/USB_OTG_FS_VBUS)
    (add_net /STM32F469VET/VCAPDSI)
    (add_net /STM32F469VET/VCAP_1)
    (add_net /STM32F469VET/VCAP_2)
    (add_net /WIFI/EN)
    (add_net /WIFI/HSPI_CS)
    (add_net /WIFI/HSPI_MISO)
    (add_net /WIFI/HSPI_MOSI)
    (add_net /WIFI/HSPI_SCK)
    (add_net /WIFI/PROG_N)
    (add_net /WIFI/RST_N)
    (add_net /WIFI/UART_RXD)
    (add_net /WIFI/UART_TXD)
    (add_net /ice_crst_b)
    (add_net /ice_tck)
    (add_net /ice_tdi)
    (add_net /ice_tdo)
    (add_net /lcd_reset)
    (add_net /swclk)
    (add_net /temp_alert)
    (add_net GND)
    (add_net GND1)
    (add_net GND2)
    (add_net "Net-(C16-Pad1)")
    (add_net "Net-(D1-Pad2)")
    (add_net "Net-(D2-Pad2)")
    (add_net "Net-(D3-Pad2)")
    (add_net "Net-(J1-Pad3)")
    (add_net "Net-(J2-Pad4)")
    (add_net "Net-(R12-Pad1)")
    (add_net "Net-(R13-Pad1)")
    (add_net "Net-(R23-Pad2)")
    (add_net "Net-(R4-Pad1)")
    (add_net "Net-(S1-Pad10)")
    (add_net "Net-(S1-Pad3)")
    (add_net "Net-(S1-Pad4)")
    (add_net "Net-(S1-Pad5)")
    (add_net "Net-(S1-Pad8)")
    (add_net "Net-(S1-Pad9)")
    (add_net "Net-(TP1-Pad1)")
    (add_net "Net-(U10-Pad10)")
    (add_net "Net-(U10-Pad5)")
    (add_net "Net-(U10-Pad6)")
    (add_net "Net-(U11-Pad1)")
    (add_net "Net-(U11-Pad11)")
    (add_net "Net-(U11-Pad12)")
    (add_net "Net-(U11-Pad3)")
    (add_net "Net-(U11-Pad5)")
    (add_net "Net-(U2-Pad10)")
    (add_net "Net-(U2-Pad11)")
    (add_net "Net-(U2-Pad12)")
    (add_net "Net-(U2-Pad13)")
    (add_net "Net-(U2-Pad18)")
    (add_net "Net-(U2-Pad19)")
    (add_net "Net-(U2-Pad2)")
    (add_net "Net-(U2-Pad20)")
    (add_net "Net-(U2-Pad21)")
    (add_net "Net-(U2-Pad28)")
    (add_net "Net-(U2-Pad3)")
    (add_net "Net-(U2-Pad31)")
    (add_net "Net-(U2-Pad32)")
    (add_net "Net-(U2-Pad34)")
    (add_net "Net-(U2-Pad35)")
    (add_net "Net-(U2-Pad4)")
    (add_net "Net-(U2-Pad43)")
    (add_net "Net-(U2-Pad44)")
    (add_net "Net-(U2-Pad45)")
    (add_net "Net-(U2-Pad48)")
    (add_net "Net-(U2-Pad9)")
    (add_net "Net-(U5-Pad11)")
    (add_net "Net-(U5-Pad12)")
    (add_net "Net-(U5-Pad19)")
    (add_net "Net-(U5-Pad2)")
    (add_net "Net-(U5-Pad20)")
    (add_net "Net-(U5-Pad4)")
    (add_net "Net-(U6-Pad11)")
    (add_net "Net-(U6-Pad12)")
    (add_net "Net-(U6-Pad13)")
    (add_net "Net-(U6-Pad14)")
    (add_net "Net-(U6-Pad15)")
    (add_net "Net-(U6-Pad19)")
    (add_net "Net-(U6-Pad20)")
    (add_net "Net-(U6-Pad21)")
    (add_net "Net-(U6-Pad22)")
    (add_net "Net-(U6-Pad29)")
    (add_net "Net-(U6-Pad30)")
    (add_net "Net-(U6-Pad31)")
    (add_net "Net-(U6-Pad32)")
    (add_net "Net-(U6-Pad33)")
    (add_net "Net-(U6-Pad34)")
    (add_net "Net-(U6-Pad35)")
    (add_net "Net-(U6-Pad36)")
    (add_net "Net-(U6-Pad37)")
    (add_net "Net-(U6-Pad38)")
    (add_net "Net-(U6-Pad39)")
    (add_net "Net-(U6-Pad4)")
    (add_net "Net-(U6-Pad40)")
    (add_net "Net-(U6-Pad41)")
    (add_net "Net-(U6-Pad42)")
    (add_net "Net-(U6-Pad46)")
    (add_net "Net-(U6-Pad47)")
    (add_net "Net-(U6-Pad48)")
    (add_net "Net-(U6-Pad49)")
    (add_net "Net-(U6-Pad5)")
    (add_net "Net-(U6-Pad50)")
    (add_net "Net-(U6-Pad51)")
    (add_net "Net-(U6-Pad52)")
    (add_net "Net-(U6-Pad53)")
    (add_net "Net-(U6-Pad54)")
    (add_net "Net-(U6-Pad6)")
    (add_net "Net-(U6-Pad66)")
    (add_net "Net-(U6-Pad67)")
    (add_net "Net-(U6-Pad68)")
    (add_net "Net-(U6-Pad69)")
    (add_net "Net-(U6-Pad70)")
    (add_net "Net-(U6-Pad72)")
    (add_net "Net-(U6-Pad80)")
    (add_net "Net-(U6-Pad81)")
    (add_net "Net-(U6-Pad82)")
    (add_net "Net-(U6-Pad83)")
    (add_net "Net-(U6-Pad84)")
    (add_net "Net-(U6-Pad85)")
    (add_net "Net-(U6-Pad86)")
    (add_net "Net-(U6-Pad87)")
    (add_net "Net-(U6-Pad88)")
    (add_net "Net-(U6-Pad89)")
    (add_net "Net-(U6-Pad90)")
    (add_net "Net-(U6-Pad91)")
    (add_net "Net-(U6-Pad92)")
    (add_net "Net-(U6-Pad93)")
    (add_net "Net-(U6-Pad94)")
    (add_net "Net-(U6-Pad95)")
    (add_net "Net-(U6-Pad96)")
    (add_net "Net-(U6-Pad97)")
    (add_net "Net-(U6-Pad98)")
    (add_net "Net-(U6-Pad99)")
    (add_net "Net-(U9-Pad4)")
  )

  (module Air_Pollution_Sensor:AFR240320A0-1.77INTM-I (layer Top) (tedit 6073F8B2) (tstamp 6079C5E8)
    (at 153.4668 92.9132)
    (path /60A3BB93)
    (fp_text reference U11 (at -24.77008 -2.12852 -180) (layer F.SilkS)
      (effects (font (size 1 1) (thickness 0.15)))
    )
    (fp_text value AFR240320A0-1.77INTM (at -25.40508 36.60648 -180) (layer F.Fab)
      (effects (font (size 1 1) (thickness 0.15)))
    )
    (fp_line (start -0.00508 34.70148) (end -0.00508 0.00148) (layer F.SilkS) (width 0.12))
    (fp_line (start -29.35508 22.60148) (end -29.35508 12.10148) (layer F.SilkS) (width 0.12))
    (fp_line (start -10.16508 22.63648) (end -29.35508 22.63648) (layer F.SilkS) (width 0.12))
    (fp_line (start -10.16508 12.10148) (end -29.35508 12.10148) (layer F.SilkS) (width 0.12))
    (fp_line (start -0.00508 0.00148) (end -10.16508 0.00148) (layer Dwgs.User) (width 0.12))
    (fp_line (start -10.16508 0.00148) (end -10.16508 12.10148) (layer Dwgs.User) (width 0.12))
    (fp_line (start -10.16508 22.63648) (end -10.16508 34.73648) (layer Dwgs.User) (width 0.12))
    (fp_line (start -0.00508 34.73598) (end -10.16508 34.73598) (layer Dwgs.User) (width 0.12))
    (pad 1 smd roundrect (at -32.32082 12.50762) (size 6 0.2) (layers Top F.Paste F.Mask) (roundrect_rratio 0.25)
      (net 147 "Net-(U11-Pad1)"))
    (pad 2 smd roundrect (at -32.32082 13.00762) (size 6 0.2) (layers Top F.Paste F.Mask) (roundrect_rratio 0.25)
      (net 164 "Net-(R4-Pad1)"))
    (pad 3 smd roundrect (at -32.32082 13.50762) (size 6 0.2) (layers Top F.Paste F.Mask) (roundrect_rratio 0.25)
      (net 148 "Net-(U11-Pad3)"))
    (pad 4 smd roundrect (at -32.32082 14.00762) (size 6 0.2) (layers Top F.Paste F.Mask) (roundrect_rratio 0.25)
      (net 162 +12V))
    (pad 5 smd roundrect (at -32.32082 14.50762) (size 6 0.2) (layers Top F.Paste F.Mask) (roundrect_rratio 0.25)
      (net 149 "Net-(U11-Pad5)"))
    (pad 6 smd roundrect (at -32.32082 15.00762) (size 6 0.2) (layers Top F.Paste F.Mask) (roundrect_rratio 0.25)
      (net 2 +3V3))
    (pad 7 smd roundrect (at -32.32082 15.50762) (size 6 0.2) (layers Top F.Paste F.Mask) (roundrect_rratio 0.25)
      (net 2 +3V3))
    (pad 8 smd roundrect (at -32.32082 16.00762) (size 6 0.2) (layers Top F.Paste F.Mask) (roundrect_rratio 0.25)
      (net 167 "Net-(TP1-Pad1)"))
    (pad 9 smd roundrect (at -32.32082 16.50762) (size 6 0.2) (layers Top F.Paste F.Mask) (roundrect_rratio 0.25)
      (net 165 /lcd_reset))
    (pad 10 smd roundrect (at -32.32082 17.00762) (size 6 0.2) (layers Top F.Paste F.Mask) (roundrect_rratio 0.25)
      (net 168 GND2))
    (pad 11 smd roundrect (at -32.32082 17.50762) (size 6 0.2) (layers Top F.Paste F.Mask) (roundrect_rratio 0.25)
      (net 150 "Net-(U11-Pad11)"))
    (pad 12 smd roundrect (at -32.32082 18.00762) (size 6 0.2) (layers Top F.Paste F.Mask) (roundrect_rratio 0.25)
      (net 151 "Net-(U11-Pad12)"))
    (pad 13 smd roundrect (at -32.32082 18.50762) (size 6 0.2) (layers Top F.Paste F.Mask) (roundrect_rratio 0.25)
      (net 168 GND2))
    (pad 14 smd roundrect (at -32.32082 19.00762) (size 6 0.2) (layers Top F.Paste F.Mask) (roundrect_rratio 0.25)
      (net 171 /DSI_CLP))
    (pad 15 smd roundrect (at -32.32082 19.50762) (size 6 0.2) (layers Top F.Paste F.Mask) (roundrect_rratio 0.25)
      (net 170 /DSI_CLN))
    (pad 16 smd roundrect (at -32.32082 20.00762) (size 6 0.2) (layers Top F.Paste F.Mask) (roundrect_rratio 0.25)
      (net 168 GND2))
    (pad 17 smd roundrect (at -32.32082 20.50762) (size 6 0.2) (layers Top F.Paste F.Mask) (roundrect_rratio 0.25)
      (net 152 /DSI_D0P))
    (pad 18 smd roundrect (at -32.32082 21.00762) (size 6 0.2) (layers Top F.Paste F.Mask) (roundrect_rratio 0.25)
      (net 153 /DSI_D0N))
    (pad 19 smd roundrect (at -32.32082 21.50762) (size 6 0.2) (layers Top F.Paste F.Mask) (roundrect_rratio 0.25)
      (net 168 GND2))
    (pad 20 smd roundrect (at -32.32082 22.00762) (size 6 0.2) (layers Top F.Paste F.Mask) (roundrect_rratio 0.25)
      (net 168 GND2))
  )

  (module Capacitor_SMD:C_0805_2012Metric_Pad1.18x1.45mm_HandSolder (layer Top) (tedit 5F68FEEF) (tstamp 6075712B)
    (at 60.6845 78.1812)
    (descr "Capacitor SMD 0805 (2012 Metric), square (rectangular) end terminal, IPC_7351 nominal with elongated pad for handsoldering. (Body size source: IPC-SM-782 page 76, https://www.pcb-3d.com/wordpress/wp-content/uploads/ipc-sm-782a_amendment_1_and_2.pdf, https://docs.google.com/spreadsheets/d/1BsfQQcO9C6DZCsRaXUlFlo91Tg2WpOkGARC1WS5S8t0/edit?usp=sharing), generated with kicad-footprint-generator")
    (tags "capacitor handsolder")
    (path /6103AB31/61071061)
    (attr smd)
    (fp_text reference C39 (at 0 -1.68) (layer F.SilkS)
      (effects (font (size 1 1) (thickness 0.15)))
    )
    (fp_text value 100nF (at 0 1.68) (layer F.Fab)
      (effects (font (size 1 1) (thickness 0.15)))
    )
    (fp_line (start -1 0.625) (end -1 -0.625) (layer F.Fab) (width 0.1))
    (fp_line (start -1 -0.625) (end 1 -0.625) (layer F.Fab) (width 0.1))
    (fp_line (start 1 -0.625) (end 1 0.625) (layer F.Fab) (width 0.1))
    (fp_line (start 1 0.625) (end -1 0.625) (layer F.Fab) (width 0.1))
    (fp_line (start -0.261252 -0.735) (end 0.261252 -0.735) (layer F.SilkS) (width 0.12))
    (fp_line (start -0.261252 0.735) (end 0.261252 0.735) (layer F.SilkS) (width 0.12))
    (fp_line (start -1.88 0.98) (end -1.88 -0.98) (layer F.CrtYd) (width 0.05))
    (fp_line (start -1.88 -0.98) (end 1.88 -0.98) (layer F.CrtYd) (width 0.05))
    (fp_line (start 1.88 -0.98) (end 1.88 0.98) (layer F.CrtYd) (width 0.05))
    (fp_line (start 1.88 0.98) (end -1.88 0.98) (layer F.CrtYd) (width 0.05))
    (fp_text user %R (at 0 0) (layer F.Fab)
      (effects (font (size 0.5 0.5) (thickness 0.08)))
    )
    (pad 2 smd roundrect (at 1.0375 0) (size 1.175 1.45) (layers Top F.Paste F.Mask) (roundrect_rratio 0.212766)
      (net 1 GND))
    (pad 1 smd roundrect (at -1.0375 0) (size 1.175 1.45) (layers Top F.Paste F.Mask) (roundrect_rratio 0.212766)
      (net 76 +1V2))
    (model ${KISYS3DMOD}/Capacitor_SMD.3dshapes/C_0805_2012Metric.wrl
      (at (xyz 0 0 0))
      (scale (xyz 1 1 1))
      (rotate (xyz 0 0 0))
    )
  )

  (module Air_Pollution_Sensor:PM2008 (layer Top) (tedit 60753DA0) (tstamp 6076199B)
    (at 81.407 109.82198 270)
    (path /60A5F828)
    (fp_text reference U10 (at -48.45558 29.8958 180) (layer F.SilkS)
      (effects (font (size 1 1) (thickness 0.15)))
    )
    (fp_text value PM2008 (at -43.9966 19.05 90) (layer F.Fab)
      (effects (font (size 1 1) (thickness 0.15)))
    )
    (fp_line (start -0.0066 0) (end -47.8066 0) (layer F.SilkS) (width 0.12))
    (fp_line (start -0.0066 36.83) (end -0.0066 0.03) (layer F.SilkS) (width 0.12))
    (fp_line (start -47.8066 36.83) (end -47.8066 0.03) (layer F.SilkS) (width 0.12))
    (fp_line (start -47.8066 36.83) (end -0.0066 36.83) (layer F.SilkS) (width 0.12))
    (fp_line (start -4.191 25.447) (end -7.6962 25.447) (layer F.CrtYd) (width 0.1524))
    (fp_line (start -7.4422 32.5082) (end -4.445 32.5082) (layer F.Fab) (width 0.1524))
    (fp_line (start -7.4422 25.701) (end -7.4422 32.5082) (layer F.Fab) (width 0.1524))
    (fp_circle (center -5.3086 33.2702) (end -5.3086 33.6512) (layer B.SilkS) (width 0.1524))
    (fp_line (start -7.6962 32.7622) (end -4.191 32.7622) (layer F.CrtYd) (width 0.1524))
    (fp_line (start -7.6962 25.447) (end -7.6962 32.7622) (layer F.CrtYd) (width 0.1524))
    (fp_line (start -4.191 32.7622) (end -4.191 25.447) (layer F.CrtYd) (width 0.1524))
    (fp_line (start -4.318 25.574) (end -7.5692 25.574) (layer F.SilkS) (width 0.1524))
    (fp_line (start -4.318 32.6352) (end -4.318 25.574) (layer F.SilkS) (width 0.1524))
    (fp_line (start -4.445 25.701) (end -7.4422 25.701) (layer F.Fab) (width 0.1524))
    (fp_line (start -7.5692 32.6352) (end -4.318 32.6352) (layer F.SilkS) (width 0.1524))
    (fp_circle (center -5.3086 33.2702) (end -5.3086 33.6512) (layer F.SilkS) (width 0.1524))
    (fp_line (start -7.5692 25.574) (end -7.5692 32.6352) (layer F.SilkS) (width 0.1524))
    (fp_line (start -4.445 32.5082) (end -4.445 25.701) (layer F.Fab) (width 0.1524))
    (fp_circle (center -3.4036 31.5938) (end -3.4036 31.9748) (layer F.Fab) (width 0.1524))
    (fp_text user REF** (at -8.4328 23.4442 90) (layer F.SilkS)
      (effects (font (size 1 1) (thickness 0.15)))
    )
    (pad 4 thru_hole circle (at -6.5786 30.3746 180) (size 1.1684 1.1684) (drill 0.6604) (layers *.Cu *.Mask)
      (net 1 GND))
    (pad 1 thru_hole circle (at -5.3086 31.6446 180) (size 1.1684 1.1684) (drill 0.6604) (layers *.Cu *.Mask)
      (net 155 +5V))
    (pad 2 thru_hole circle (at -6.5786 31.6446 180) (size 1.1684 1.1684) (drill 0.6604) (layers *.Cu *.Mask)
      (net 155 +5V))
    (pad 6 thru_hole circle (at -6.5786 29.1046 180) (size 1.1684 1.1684) (drill 0.6604) (layers *.Cu *.Mask)
      (net 156 "Net-(U10-Pad6)"))
    (pad 7 thru_hole circle (at -5.3086 27.8346 180) (size 1.1684 1.1684) (drill 0.6604) (layers *.Cu *.Mask)
      (net 5 /SDA))
    (pad 5 thru_hole circle (at -5.3086 29.1046 180) (size 1.1684 1.1684) (drill 0.6604) (layers *.Cu *.Mask)
      (net 157 "Net-(U10-Pad5)"))
    (pad 8 thru_hole circle (at -6.5786 27.8346 270) (size 1.1684 1.1684) (drill 0.6604) (layers *.Cu *.Mask)
      (net 1 GND))
    (pad 9 thru_hole circle (at -5.3086 26.5646 180) (size 1.1684 1.1684) (drill 0.6604) (layers *.Cu *.Mask)
      (net 4 /SCL))
    (pad 3 thru_hole circle (at -5.3086 30.3746 180) (size 1.1684 1.1684) (drill 0.6604) (layers *.Cu *.Mask)
      (net 1 GND))
    (pad 10 thru_hole circle (at -6.5786 26.5646 180) (size 1.1684 1.1684) (drill 0.6604) (layers *.Cu *.Mask)
      (net 158 "Net-(U10-Pad10)"))
  )

  (module Air_Pollution_Sensor:XTAL_ECS-250-8-36-RWN-TR (layer Bottom) (tedit 60753BD2) (tstamp 6077A126)
    (at 79.64932 106.26598 180)
    (path /616B8E2C)
    (fp_text reference Y1 (at -0.226373 1.958058) (layer B.SilkS)
      (effects (font (size 0.480799 0.480799) (thickness 0.015)) (justify mirror))
    )
    (fp_text value ECS-250-8-36-RWN-TR (at 5.567354 -1.945952) (layer B.Fab)
      (effects (font (size 0.480187 0.480187) (thickness 0.015)) (justify mirror))
    )
    (fp_line (start 1.25 -1) (end 1.25 1) (layer B.Fab) (width 0.127))
    (fp_line (start -1.25 1) (end -1.25 -1) (layer B.Fab) (width 0.127))
    (fp_line (start 1.7 1.4) (end -1.7 1.4) (layer B.CrtYd) (width 0.05))
    (fp_line (start -1.7 1.4) (end -1.7 -1.4) (layer B.CrtYd) (width 0.05))
    (fp_line (start -1.7 -1.4) (end 1.7 -1.4) (layer B.CrtYd) (width 0.05))
    (fp_line (start 1.7 -1.4) (end 1.7 1.4) (layer B.CrtYd) (width 0.05))
    (fp_line (start -1.25 -1) (end 1.25 -1) (layer B.Fab) (width 0.127))
    (fp_line (start 1.25 1) (end -1.25 1) (layer B.Fab) (width 0.127))
    (fp_circle (center -2.05 -0.7) (end -1.95 -0.7) (layer B.SilkS) (width 0.2))
    (fp_circle (center -2.05 -0.7) (end -1.95 -0.7) (layer B.Fab) (width 0.2))
    (pad 4 smd rect (at -0.85 0.65 180) (size 1.2 1) (layers Bottom B.Paste B.Mask)
      (net 1 GND))
    (pad 3 smd rect (at 0.85 0.65 180) (size 1.2 1) (layers Bottom B.Paste B.Mask)
      (net 172 /RCC_OSC_OUT))
    (pad 2 smd rect (at 0.85 -0.65 180) (size 1.2 1) (layers Bottom B.Paste B.Mask)
      (net 1 GND))
    (pad 1 smd rect (at -0.85 -0.65 180) (size 1.2 1) (layers Bottom B.Paste B.Mask)
      (net 169 /RCC_OSC_IN))
  )

  (module Resistor_SMD:R_0805_2012Metric_Pad1.20x1.40mm_HandSolder (layer Top) (tedit 5F68FEEE) (tstamp 60779B26)
    (at 97.90176 67.76466)
    (descr "Resistor SMD 0805 (2012 Metric), square (rectangular) end terminal, IPC_7351 nominal with elongated pad for handsoldering. (Body size source: IPC-SM-782 page 72, https://www.pcb-3d.com/wordpress/wp-content/uploads/ipc-sm-782a_amendment_1_and_2.pdf), generated with kicad-footprint-generator")
    (tags "resistor handsolder")
    (path /6103AB31/612D0DE4)
    (attr smd)
    (fp_text reference R16 (at 0 -1.65) (layer F.SilkS)
      (effects (font (size 1 1) (thickness 0.15)))
    )
    (fp_text value 10K (at 0 1.65) (layer F.Fab)
      (effects (font (size 1 1) (thickness 0.15)))
    )
    (fp_line (start -1 0.625) (end -1 -0.625) (layer F.Fab) (width 0.1))
    (fp_line (start -1 -0.625) (end 1 -0.625) (layer F.Fab) (width 0.1))
    (fp_line (start 1 -0.625) (end 1 0.625) (layer F.Fab) (width 0.1))
    (fp_line (start 1 0.625) (end -1 0.625) (layer F.Fab) (width 0.1))
    (fp_line (start -0.227064 -0.735) (end 0.227064 -0.735) (layer F.SilkS) (width 0.12))
    (fp_line (start -0.227064 0.735) (end 0.227064 0.735) (layer F.SilkS) (width 0.12))
    (fp_line (start -1.85 0.95) (end -1.85 -0.95) (layer F.CrtYd) (width 0.05))
    (fp_line (start -1.85 -0.95) (end 1.85 -0.95) (layer F.CrtYd) (width 0.05))
    (fp_line (start 1.85 -0.95) (end 1.85 0.95) (layer F.CrtYd) (width 0.05))
    (fp_line (start 1.85 0.95) (end -1.85 0.95) (layer F.CrtYd) (width 0.05))
    (fp_text user %R (at 0 0) (layer F.Fab)
      (effects (font (size 0.5 0.5) (thickness 0.08)))
    )
    (pad 2 smd roundrect (at 1 0) (size 1.2 1.4) (layers Top F.Paste F.Mask) (roundrect_rratio 0.208333)
      (net 89 /ICE40UP/SST_HOLD))
    (pad 1 smd roundrect (at -1 0) (size 1.2 1.4) (layers Top F.Paste F.Mask) (roundrect_rratio 0.208333)
      (net 2 +3V3))
    (model ${KISYS3DMOD}/Resistor_SMD.3dshapes/R_0805_2012Metric.wrl
      (at (xyz 0 0 0))
      (scale (xyz 1 1 1))
      (rotate (xyz 0 0 0))
    )
  )

  (module Resistor_SMD:R_0805_2012Metric_Pad1.20x1.40mm_HandSolder (layer Top) (tedit 5F68FEEE) (tstamp 60779B15)
    (at 97.83826 64.39916)
    (descr "Resistor SMD 0805 (2012 Metric), square (rectangular) end terminal, IPC_7351 nominal with elongated pad for handsoldering. (Body size source: IPC-SM-782 page 72, https://www.pcb-3d.com/wordpress/wp-content/uploads/ipc-sm-782a_amendment_1_and_2.pdf), generated with kicad-footprint-generator")
    (tags "resistor handsolder")
    (path /6103AB31/612D0237)
    (attr smd)
    (fp_text reference R14 (at 0 -1.65) (layer F.SilkS)
      (effects (font (size 1 1) (thickness 0.15)))
    )
    (fp_text value 10K (at 0 1.65) (layer F.Fab)
      (effects (font (size 1 1) (thickness 0.15)))
    )
    (fp_line (start -1 0.625) (end -1 -0.625) (layer F.Fab) (width 0.1))
    (fp_line (start -1 -0.625) (end 1 -0.625) (layer F.Fab) (width 0.1))
    (fp_line (start 1 -0.625) (end 1 0.625) (layer F.Fab) (width 0.1))
    (fp_line (start 1 0.625) (end -1 0.625) (layer F.Fab) (width 0.1))
    (fp_line (start -0.227064 -0.735) (end 0.227064 -0.735) (layer F.SilkS) (width 0.12))
    (fp_line (start -0.227064 0.735) (end 0.227064 0.735) (layer F.SilkS) (width 0.12))
    (fp_line (start -1.85 0.95) (end -1.85 -0.95) (layer F.CrtYd) (width 0.05))
    (fp_line (start -1.85 -0.95) (end 1.85 -0.95) (layer F.CrtYd) (width 0.05))
    (fp_line (start 1.85 -0.95) (end 1.85 0.95) (layer F.CrtYd) (width 0.05))
    (fp_line (start 1.85 0.95) (end -1.85 0.95) (layer F.CrtYd) (width 0.05))
    (fp_text user %R (at 0 0) (layer F.Fab)
      (effects (font (size 0.5 0.5) (thickness 0.08)))
    )
    (pad 2 smd roundrect (at 1 0) (size 1.2 1.4) (layers Top F.Paste F.Mask) (roundrect_rratio 0.208333)
      (net 90 /ICE40UP/SST_WP))
    (pad 1 smd roundrect (at -1 0) (size 1.2 1.4) (layers Top F.Paste F.Mask) (roundrect_rratio 0.208333)
      (net 2 +3V3))
    (model ${KISYS3DMOD}/Resistor_SMD.3dshapes/R_0805_2012Metric.wrl
      (at (xyz 0 0 0))
      (scale (xyz 1 1 1))
      (rotate (xyz 0 0 0))
    )
  )

  (module Resistor_SMD:R_0805_2012Metric_Pad1.20x1.40mm_HandSolder (layer Bottom) (tedit 5F68FEEE) (tstamp 60779B04)
    (at 82.8388 85.80374)
    (descr "Resistor SMD 0805 (2012 Metric), square (rectangular) end terminal, IPC_7351 nominal with elongated pad for handsoldering. (Body size source: IPC-SM-782 page 72, https://www.pcb-3d.com/wordpress/wp-content/uploads/ipc-sm-782a_amendment_1_and_2.pdf), generated with kicad-footprint-generator")
    (tags "resistor handsolder")
    (path /6103AB31/60D783EA)
    (attr smd)
    (fp_text reference R13 (at 0 1.65) (layer B.SilkS)
      (effects (font (size 1 1) (thickness 0.15)) (justify mirror))
    )
    (fp_text value 22 (at 0 -1.65) (layer B.Fab)
      (effects (font (size 1 1) (thickness 0.15)) (justify mirror))
    )
    (fp_line (start -1 -0.625) (end -1 0.625) (layer B.Fab) (width 0.1))
    (fp_line (start -1 0.625) (end 1 0.625) (layer B.Fab) (width 0.1))
    (fp_line (start 1 0.625) (end 1 -0.625) (layer B.Fab) (width 0.1))
    (fp_line (start 1 -0.625) (end -1 -0.625) (layer B.Fab) (width 0.1))
    (fp_line (start -0.227064 0.735) (end 0.227064 0.735) (layer B.SilkS) (width 0.12))
    (fp_line (start -0.227064 -0.735) (end 0.227064 -0.735) (layer B.SilkS) (width 0.12))
    (fp_line (start -1.85 -0.95) (end -1.85 0.95) (layer B.CrtYd) (width 0.05))
    (fp_line (start -1.85 0.95) (end 1.85 0.95) (layer B.CrtYd) (width 0.05))
    (fp_line (start 1.85 0.95) (end 1.85 -0.95) (layer B.CrtYd) (width 0.05))
    (fp_line (start 1.85 -0.95) (end -1.85 -0.95) (layer B.CrtYd) (width 0.05))
    (fp_text user %R (at 0 0) (layer B.Fab)
      (effects (font (size 0.5 0.5) (thickness 0.08)) (justify mirror))
    )
    (pad 2 smd roundrect (at 1 0) (size 1.2 1.4) (layers Bottom B.Paste B.Mask) (roundrect_rratio 0.208333)
      (net 84 /ICE40UP/SF_SPI_DI))
    (pad 1 smd roundrect (at -1 0) (size 1.2 1.4) (layers Bottom B.Paste B.Mask) (roundrect_rratio 0.208333)
      (net 160 "Net-(R13-Pad1)"))
    (model ${KISYS3DMOD}/Resistor_SMD.3dshapes/R_0805_2012Metric.wrl
      (at (xyz 0 0 0))
      (scale (xyz 1 1 1))
      (rotate (xyz 0 0 0))
    )
  )

  (module Resistor_SMD:R_0805_2012Metric_Pad1.20x1.40mm_HandSolder (layer Bottom) (tedit 5F68FEEE) (tstamp 60779AF3)
    (at 82.8708 89.46134)
    (descr "Resistor SMD 0805 (2012 Metric), square (rectangular) end terminal, IPC_7351 nominal with elongated pad for handsoldering. (Body size source: IPC-SM-782 page 72, https://www.pcb-3d.com/wordpress/wp-content/uploads/ipc-sm-782a_amendment_1_and_2.pdf), generated with kicad-footprint-generator")
    (tags "resistor handsolder")
    (path /6103AB31/60D815DA)
    (attr smd)
    (fp_text reference R12 (at 0 1.65) (layer B.SilkS)
      (effects (font (size 1 1) (thickness 0.15)) (justify mirror))
    )
    (fp_text value 22 (at 0 -1.65) (layer B.Fab)
      (effects (font (size 1 1) (thickness 0.15)) (justify mirror))
    )
    (fp_line (start -1 -0.625) (end -1 0.625) (layer B.Fab) (width 0.1))
    (fp_line (start -1 0.625) (end 1 0.625) (layer B.Fab) (width 0.1))
    (fp_line (start 1 0.625) (end 1 -0.625) (layer B.Fab) (width 0.1))
    (fp_line (start 1 -0.625) (end -1 -0.625) (layer B.Fab) (width 0.1))
    (fp_line (start -0.227064 0.735) (end 0.227064 0.735) (layer B.SilkS) (width 0.12))
    (fp_line (start -0.227064 -0.735) (end 0.227064 -0.735) (layer B.SilkS) (width 0.12))
    (fp_line (start -1.85 -0.95) (end -1.85 0.95) (layer B.CrtYd) (width 0.05))
    (fp_line (start -1.85 0.95) (end 1.85 0.95) (layer B.CrtYd) (width 0.05))
    (fp_line (start 1.85 0.95) (end 1.85 -0.95) (layer B.CrtYd) (width 0.05))
    (fp_line (start 1.85 -0.95) (end -1.85 -0.95) (layer B.CrtYd) (width 0.05))
    (fp_text user %R (at 0 0) (layer B.Fab)
      (effects (font (size 0.5 0.5) (thickness 0.08)) (justify mirror))
    )
    (pad 2 smd roundrect (at 1 0) (size 1.2 1.4) (layers Bottom B.Paste B.Mask) (roundrect_rratio 0.208333)
      (net 87 /ICE40UP/SF_SPI_DO))
    (pad 1 smd roundrect (at -1 0) (size 1.2 1.4) (layers Bottom B.Paste B.Mask) (roundrect_rratio 0.208333)
      (net 161 "Net-(R12-Pad1)"))
    (model ${KISYS3DMOD}/Resistor_SMD.3dshapes/R_0805_2012Metric.wrl
      (at (xyz 0 0 0))
      (scale (xyz 1 1 1))
      (rotate (xyz 0 0 0))
    )
  )

  (module Resistor_SMD:R_0805_2012Metric_Pad1.20x1.40mm_HandSolder (layer Top) (tedit 5F68FEEE) (tstamp 60779AE2)
    (at 93.77426 64.39916)
    (descr "Resistor SMD 0805 (2012 Metric), square (rectangular) end terminal, IPC_7351 nominal with elongated pad for handsoldering. (Body size source: IPC-SM-782 page 72, https://www.pcb-3d.com/wordpress/wp-content/uploads/ipc-sm-782a_amendment_1_and_2.pdf), generated with kicad-footprint-generator")
    (tags "resistor handsolder")
    (path /6103AB31/612DB0FC)
    (attr smd)
    (fp_text reference R11 (at 0 -1.65) (layer F.SilkS)
      (effects (font (size 1 1) (thickness 0.15)))
    )
    (fp_text value 1K (at 0 1.65) (layer F.Fab)
      (effects (font (size 1 1) (thickness 0.15)))
    )
    (fp_line (start -1 0.625) (end -1 -0.625) (layer F.Fab) (width 0.1))
    (fp_line (start -1 -0.625) (end 1 -0.625) (layer F.Fab) (width 0.1))
    (fp_line (start 1 -0.625) (end 1 0.625) (layer F.Fab) (width 0.1))
    (fp_line (start 1 0.625) (end -1 0.625) (layer F.Fab) (width 0.1))
    (fp_line (start -0.227064 -0.735) (end 0.227064 -0.735) (layer F.SilkS) (width 0.12))
    (fp_line (start -0.227064 0.735) (end 0.227064 0.735) (layer F.SilkS) (width 0.12))
    (fp_line (start -1.85 0.95) (end -1.85 -0.95) (layer F.CrtYd) (width 0.05))
    (fp_line (start -1.85 -0.95) (end 1.85 -0.95) (layer F.CrtYd) (width 0.05))
    (fp_line (start 1.85 -0.95) (end 1.85 0.95) (layer F.CrtYd) (width 0.05))
    (fp_line (start 1.85 0.95) (end -1.85 0.95) (layer F.CrtYd) (width 0.05))
    (fp_text user %R (at 0 0) (layer F.Fab)
      (effects (font (size 0.5 0.5) (thickness 0.08)))
    )
    (pad 2 smd roundrect (at 1 0) (size 1.2 1.4) (layers Top F.Paste F.Mask) (roundrect_rratio 0.208333)
      (net 1 GND))
    (pad 1 smd roundrect (at -1 0) (size 1.2 1.4) (layers Top F.Paste F.Mask) (roundrect_rratio 0.208333)
      (net 85 /ICE40UP/SF_SPI_SS))
    (model ${KISYS3DMOD}/Resistor_SMD.3dshapes/R_0805_2012Metric.wrl
      (at (xyz 0 0 0))
      (scale (xyz 1 1 1))
      (rotate (xyz 0 0 0))
    )
  )

  (module Resistor_SMD:R_0805_2012Metric_Pad1.20x1.40mm_HandSolder (layer Top) (tedit 5F68FEEE) (tstamp 60779AD1)
    (at 93.77426 67.82816)
    (descr "Resistor SMD 0805 (2012 Metric), square (rectangular) end terminal, IPC_7351 nominal with elongated pad for handsoldering. (Body size source: IPC-SM-782 page 72, https://www.pcb-3d.com/wordpress/wp-content/uploads/ipc-sm-782a_amendment_1_and_2.pdf), generated with kicad-footprint-generator")
    (tags "resistor handsolder")
    (path /6103AB31/612D6057)
    (attr smd)
    (fp_text reference R10 (at 0 -1.65) (layer F.SilkS)
      (effects (font (size 1 1) (thickness 0.15)))
    )
    (fp_text value 10K (at 0 1.65) (layer F.Fab)
      (effects (font (size 1 1) (thickness 0.15)))
    )
    (fp_line (start -1 0.625) (end -1 -0.625) (layer F.Fab) (width 0.1))
    (fp_line (start -1 -0.625) (end 1 -0.625) (layer F.Fab) (width 0.1))
    (fp_line (start 1 -0.625) (end 1 0.625) (layer F.Fab) (width 0.1))
    (fp_line (start 1 0.625) (end -1 0.625) (layer F.Fab) (width 0.1))
    (fp_line (start -0.227064 -0.735) (end 0.227064 -0.735) (layer F.SilkS) (width 0.12))
    (fp_line (start -0.227064 0.735) (end 0.227064 0.735) (layer F.SilkS) (width 0.12))
    (fp_line (start -1.85 0.95) (end -1.85 -0.95) (layer F.CrtYd) (width 0.05))
    (fp_line (start -1.85 -0.95) (end 1.85 -0.95) (layer F.CrtYd) (width 0.05))
    (fp_line (start 1.85 -0.95) (end 1.85 0.95) (layer F.CrtYd) (width 0.05))
    (fp_line (start 1.85 0.95) (end -1.85 0.95) (layer F.CrtYd) (width 0.05))
    (fp_text user %R (at 0 0) (layer F.Fab)
      (effects (font (size 0.5 0.5) (thickness 0.08)))
    )
    (pad 2 smd roundrect (at 1 0) (size 1.2 1.4) (layers Top F.Paste F.Mask) (roundrect_rratio 0.208333)
      (net 85 /ICE40UP/SF_SPI_SS))
    (pad 1 smd roundrect (at -1 0) (size 1.2 1.4) (layers Top F.Paste F.Mask) (roundrect_rratio 0.208333)
      (net 2 +3V3))
    (model ${KISYS3DMOD}/Resistor_SMD.3dshapes/R_0805_2012Metric.wrl
      (at (xyz 0 0 0))
      (scale (xyz 1 1 1))
      (rotate (xyz 0 0 0))
    )
  )

  (module Resistor_SMD:R_0805_2012Metric_Pad1.20x1.40mm_HandSolder (layer Top) (tedit 5F68FEEE) (tstamp 60779AAF)
    (at 82.11744 31.115)
    (descr "Resistor SMD 0805 (2012 Metric), square (rectangular) end terminal, IPC_7351 nominal with elongated pad for handsoldering. (Body size source: IPC-SM-782 page 72, https://www.pcb-3d.com/wordpress/wp-content/uploads/ipc-sm-782a_amendment_1_and_2.pdf), generated with kicad-footprint-generator")
    (tags "resistor handsolder")
    (path /6103AB31/60FE8E7E)
    (attr smd)
    (fp_text reference R8 (at 0 -1.65) (layer F.SilkS)
      (effects (font (size 1 1) (thickness 0.15)))
    )
    (fp_text value 5 (at 0 1.65) (layer F.Fab)
      (effects (font (size 1 1) (thickness 0.15)))
    )
    (fp_line (start -1 0.625) (end -1 -0.625) (layer F.Fab) (width 0.1))
    (fp_line (start -1 -0.625) (end 1 -0.625) (layer F.Fab) (width 0.1))
    (fp_line (start 1 -0.625) (end 1 0.625) (layer F.Fab) (width 0.1))
    (fp_line (start 1 0.625) (end -1 0.625) (layer F.Fab) (width 0.1))
    (fp_line (start -0.227064 -0.735) (end 0.227064 -0.735) (layer F.SilkS) (width 0.12))
    (fp_line (start -0.227064 0.735) (end 0.227064 0.735) (layer F.SilkS) (width 0.12))
    (fp_line (start -1.85 0.95) (end -1.85 -0.95) (layer F.CrtYd) (width 0.05))
    (fp_line (start -1.85 -0.95) (end 1.85 -0.95) (layer F.CrtYd) (width 0.05))
    (fp_line (start 1.85 -0.95) (end 1.85 0.95) (layer F.CrtYd) (width 0.05))
    (fp_line (start 1.85 0.95) (end -1.85 0.95) (layer F.CrtYd) (width 0.05))
    (fp_text user %R (at 0 0) (layer F.Fab)
      (effects (font (size 0.5 0.5) (thickness 0.08)))
    )
    (pad 2 smd roundrect (at 1 0) (size 1.2 1.4) (layers Top F.Paste F.Mask) (roundrect_rratio 0.208333)
      (net 83 /ICE40UP/LED_BLUE))
    (pad 1 smd roundrect (at -1 0) (size 1.2 1.4) (layers Top F.Paste F.Mask) (roundrect_rratio 0.208333)
      (net 79 "Net-(D3-Pad2)"))
    (model ${KISYS3DMOD}/Resistor_SMD.3dshapes/R_0805_2012Metric.wrl
      (at (xyz 0 0 0))
      (scale (xyz 1 1 1))
      (rotate (xyz 0 0 0))
    )
  )

  (module Resistor_SMD:R_0805_2012Metric_Pad1.20x1.40mm_HandSolder (layer Top) (tedit 5F68FEEE) (tstamp 60779A9E)
    (at 82.18604 27.6225)
    (descr "Resistor SMD 0805 (2012 Metric), square (rectangular) end terminal, IPC_7351 nominal with elongated pad for handsoldering. (Body size source: IPC-SM-782 page 72, https://www.pcb-3d.com/wordpress/wp-content/uploads/ipc-sm-782a_amendment_1_and_2.pdf), generated with kicad-footprint-generator")
    (tags "resistor handsolder")
    (path /6103AB31/60FE1E5C)
    (attr smd)
    (fp_text reference R7 (at 0 -1.65) (layer F.SilkS)
      (effects (font (size 1 1) (thickness 0.15)))
    )
    (fp_text value 5 (at 0 1.65) (layer F.Fab)
      (effects (font (size 1 1) (thickness 0.15)))
    )
    (fp_line (start -1 0.625) (end -1 -0.625) (layer F.Fab) (width 0.1))
    (fp_line (start -1 -0.625) (end 1 -0.625) (layer F.Fab) (width 0.1))
    (fp_line (start 1 -0.625) (end 1 0.625) (layer F.Fab) (width 0.1))
    (fp_line (start 1 0.625) (end -1 0.625) (layer F.Fab) (width 0.1))
    (fp_line (start -0.227064 -0.735) (end 0.227064 -0.735) (layer F.SilkS) (width 0.12))
    (fp_line (start -0.227064 0.735) (end 0.227064 0.735) (layer F.SilkS) (width 0.12))
    (fp_line (start -1.85 0.95) (end -1.85 -0.95) (layer F.CrtYd) (width 0.05))
    (fp_line (start -1.85 -0.95) (end 1.85 -0.95) (layer F.CrtYd) (width 0.05))
    (fp_line (start 1.85 -0.95) (end 1.85 0.95) (layer F.CrtYd) (width 0.05))
    (fp_line (start 1.85 0.95) (end -1.85 0.95) (layer F.CrtYd) (width 0.05))
    (fp_text user %R (at 0 0) (layer F.Fab)
      (effects (font (size 0.5 0.5) (thickness 0.08)))
    )
